{
  "0": [{"cam_R_m2c": [0.800527, 0.593945, 0.0799442, 0.370653, -0.385862, -0.844825, -0.470932, 0.705936, -0.52904], "cam_t_m2c": [24.640900000000002, -220.26399999999998, 909.3290000000001], "obj_id": 19}],
  "1": [{"cam_R_m2c": [0.800527, 0.593945, 0.0799442, 0.370653, -0.385862, -0.844825, -0.470932, 0.705936, -0.52904], "cam_t_m2c": [24.640900000000002, -220.26399999999998, 909.3290000000001], "obj_id": 19}],
  "2": [{"cam_R_m2c": [0.800527, 0.593945, 0.0799442, 0.370653, -0.385862, -0.844825, -0.470932, 0.705936, -0.52904], "cam_t_m2c": [24.640900000000002, -220.26399999999998, 909.3290000000001], "obj_id": 19}],
  "3": [{"cam_R_m2c": [0.800527, 0.593945, 0.0799442, 0.370653, -0.385862, -0.844825, -0.470932, 0.705936, -0.52904], "cam_t_m2c": [24.640900000000002, -220.26399999999998, 909.3290000000001], "obj_id": 19}],
  "4": [{"cam_R_m2c": [0.800527, 0.593945, 0.0799442, 0.370653, -0.385862, -0.844825, -0.470932, 0.705936, -0.52904], "cam_t_m2c": [24.640900000000002, -220.26399999999998, 909.3290000000001], "obj_id": 19}],
  "5": [{"cam_R_m2c": [-0.0371736, 0.938991, 0.341933, -0.706479, 0.217304, -0.673551, -0.706759, -0.266606, 0.655297], "cam_t_m2c": [146.383, -24.3658, 666.702], "obj_id": 19}],
  "6": [{"cam_R_m2c": [-0.0371736, 0.938991, 0.341933, -0.706479, 0.217304, -0.673551, -0.706759, -0.266606, 0.655297], "cam_t_m2c": [146.383, -24.3658, 666.702], "obj_id": 19}],
  "7": [{"cam_R_m2c": [-0.0371736, 0.938991, 0.341933, -0.706479, 0.217304, -0.673551, -0.706759, -0.266606, 0.655297], "cam_t_m2c": [146.383, -24.3658, 666.702], "obj_id": 19}],
  "8": [{"cam_R_m2c": [-0.0371736, 0.938991, 0.341933, -0.706479, 0.217304, -0.673551, -0.706759, -0.266606, 0.655297], "cam_t_m2c": [146.383, -24.3658, 666.702], "obj_id": 19}],
  "9": [{"cam_R_m2c": [-0.0371736, 0.938991, 0.341933, -0.706479, 0.217304, -0.673551, -0.706759, -0.266606, 0.655297], "cam_t_m2c": [146.383, -24.3658, 666.702], "obj_id": 19}],
  "10": [{"cam_R_m2c": [0.927282777857, -0.365631457737, 0.0803869788032, -0.105126517996, -0.460406771697, -0.88146260344, 0.359301355006, 0.808914499082, -0.4653646165], "cam_t_m2c": [135.90099999999998, -103.518, 662.0279999999999], "obj_id": 19}],
  "11": [{"cam_R_m2c": [0.927282777857, -0.365631457737, 0.0803869788032, -0.105126517996, -0.460406771697, -0.88146260344, 0.359301355006, 0.808914499082, -0.4653646165], "cam_t_m2c": [135.90099999999998, -103.518, 662.0279999999999], "obj_id": 19}],
  "12": [{"cam_R_m2c": [0.927282777857, -0.365631457737, 0.0803869788032, -0.105126517996, -0.460406771697, -0.88146260344, 0.359301355006, 0.808914499082, -0.4653646165], "cam_t_m2c": [135.90099999999998, -103.518, 662.0279999999999], "obj_id": 19}],
  "13": [{"cam_R_m2c": [0.927282777857, -0.365631457737, 0.0803869788032, -0.105126517996, -0.460406771697, -0.88146260344, 0.359301355006, 0.808914499082, -0.4653646165], "cam_t_m2c": [135.90099999999998, -103.518, 662.0279999999999], "obj_id": 19}],
  "14": [{"cam_R_m2c": [0.927282777857, -0.365631457737, 0.0803869788032, -0.105126517996, -0.460406771697, -0.88146260344, 0.359301355006, 0.808914499082, -0.4653646165], "cam_t_m2c": [135.90099999999998, -103.518, 662.0279999999999], "obj_id": 19}],
  "15": [{"cam_R_m2c": [-0.105492, 0.994337, 0.0131097, 0.648929, 0.078824, -0.756758, -0.753506, -0.071326, -0.653564], "cam_t_m2c": [20.8006, -242.41299999999998, 894.756], "obj_id": 19}],
  "16": [{"cam_R_m2c": [-0.105492, 0.994337, 0.0131097, 0.648929, 0.078824, -0.756758, -0.753506, -0.071326, -0.653564], "cam_t_m2c": [20.8006, -242.41299999999998, 894.756], "obj_id": 19}],
  "17": [{"cam_R_m2c": [-0.105492, 0.994337, 0.0131097, 0.648929, 0.078824, -0.756758, -0.753506, -0.071326, -0.653564], "cam_t_m2c": [20.8006, -242.41299999999998, 894.756], "obj_id": 19}],
  "18": [{"cam_R_m2c": [-0.105492, 0.994337, 0.0131097, 0.648929, 0.078824, -0.756758, -0.753506, -0.071326, -0.653564], "cam_t_m2c": [20.8006, -242.41299999999998, 894.756], "obj_id": 19}],
  "19": [{"cam_R_m2c": [-0.105492, 0.994337, 0.0131097, 0.648929, 0.078824, -0.756758, -0.753506, -0.071326, -0.653564], "cam_t_m2c": [20.8006, -242.41299999999998, 894.756], "obj_id": 19}],
  "20": [{"cam_R_m2c": [0.523556, -0.851375, 0.032443, -0.300641, -0.220244, -0.927963, 0.797187, 0.476085, -0.37127], "cam_t_m2c": [220.106, -176.364, 824.198], "obj_id": 19}],
  "21": [{"cam_R_m2c": [0.523556, -0.851375, 0.032443, -0.300641, -0.220244, -0.927963, 0.797187, 0.476085, -0.37127], "cam_t_m2c": [220.106, -176.364, 824.198], "obj_id": 19}],
  "22": [{"cam_R_m2c": [0.523556, -0.851375, 0.032443, -0.300641, -0.220244, -0.927963, 0.797187, 0.476085, -0.37127], "cam_t_m2c": [220.106, -176.364, 824.198], "obj_id": 19}],
  "23": [{"cam_R_m2c": [0.523556, -0.851375, 0.032443, -0.300641, -0.220244, -0.927963, 0.797187, 0.476085, -0.37127], "cam_t_m2c": [220.106, -176.364, 824.198], "obj_id": 19}],
  "24": [{"cam_R_m2c": [0.523556, -0.851375, 0.032443, -0.300641, -0.220244, -0.927963, 0.797187, 0.476085, -0.37127], "cam_t_m2c": [220.106, -176.364, 824.198], "obj_id": 19}],
  "25": [{"cam_R_m2c": [0.908910727746, 0.409387858852, -0.079272358903, 0.206295580636, -0.606669850384, -0.767721081876, -0.362387286853, 0.681436849544, -0.635864827041], "cam_t_m2c": [100.763, -85.34450000000001, 772.81], "obj_id": 19}],
  "26": [{"cam_R_m2c": [0.908910727746, 0.409387858852, -0.079272358903, 0.206295580636, -0.606669850384, -0.767721081876, -0.362387286853, 0.681436849544, -0.635864827041], "cam_t_m2c": [100.763, -85.34450000000001, 772.81], "obj_id": 19}],
  "27": [{"cam_R_m2c": [0.908910727746, 0.409387858852, -0.079272358903, 0.206295580636, -0.606669850384, -0.767721081876, -0.362387286853, 0.681436849544, -0.635864827041], "cam_t_m2c": [100.763, -85.34450000000001, 772.81], "obj_id": 19}],
  "28": [{"cam_R_m2c": [0.908910727746, 0.409387858852, -0.079272358903, 0.206295580636, -0.606669850384, -0.767721081876, -0.362387286853, 0.681436849544, -0.635864827041], "cam_t_m2c": [100.763, -85.34450000000001, 772.81], "obj_id": 19}],
  "29": [{"cam_R_m2c": [0.908910727746, 0.409387858852, -0.079272358903, 0.206295580636, -0.606669850384, -0.767721081876, -0.362387286853, 0.681436849544, -0.635864827041], "cam_t_m2c": [100.763, -85.34450000000001, 772.81], "obj_id": 19}],
  "30": [{"cam_R_m2c": [-0.375106, -0.926825, 0.0173074, -0.537575, 0.20228, -0.818598, 0.755192, -0.316364, -0.574111], "cam_t_m2c": [194.499, 33.7813, 656.989], "obj_id": 19}],
  "31": [{"cam_R_m2c": [-0.375106, -0.926825, 0.0173074, -0.537575, 0.20228, -0.818598, 0.755192, -0.316364, -0.574111], "cam_t_m2c": [194.499, 33.7813, 656.989], "obj_id": 19}],
  "32": [{"cam_R_m2c": [-0.375106, -0.926825, 0.0173074, -0.537575, 0.20228, -0.818598, 0.755192, -0.316364, -0.574111], "cam_t_m2c": [194.499, 33.7813, 656.989], "obj_id": 19}],
  "33": [{"cam_R_m2c": [-0.375106, -0.926825, 0.0173074, -0.537575, 0.20228, -0.818598, 0.755192, -0.316364, -0.574111], "cam_t_m2c": [194.499, 33.7813, 656.989], "obj_id": 19}],
  "34": [{"cam_R_m2c": [-0.375106, -0.926825, 0.0173074, -0.537575, 0.20228, -0.818598, 0.755192, -0.316364, -0.574111], "cam_t_m2c": [194.499, 33.7813, 656.989], "obj_id": 19}],
  "35": [{"cam_R_m2c": [-0.0715961, -0.996995, 0.0300098, -0.942591, 0.0774712, 0.324865, -0.326209, -0.0050272, -0.945299], "cam_t_m2c": [147.019, -165.23499999999999, 1057.4099999999999], "obj_id": 19}],
  "36": [{"cam_R_m2c": [-0.0715961, -0.996995, 0.0300098, -0.942591, 0.0774712, 0.324865, -0.326209, -0.0050272, -0.945299], "cam_t_m2c": [147.019, -165.23499999999999, 1057.4099999999999], "obj_id": 19}],
  "37": [{"cam_R_m2c": [-0.0715961, -0.996995, 0.0300098, -0.942591, 0.0774712, 0.324865, -0.326209, -0.0050272, -0.945299], "cam_t_m2c": [147.019, -165.23499999999999, 1057.4099999999999], "obj_id": 19}],
  "38": [{"cam_R_m2c": [-0.0715961, -0.996995, 0.0300098, -0.942591, 0.0774712, 0.324865, -0.326209, -0.0050272, -0.945299], "cam_t_m2c": [147.019, -165.23499999999999, 1057.4099999999999], "obj_id": 19}],
  "39": [{"cam_R_m2c": [-0.0715961, -0.996995, 0.0300098, -0.942591, 0.0774712, 0.324865, -0.326209, -0.0050272, -0.945299], "cam_t_m2c": [147.019, -165.23499999999999, 1057.4099999999999], "obj_id": 19}],
  "40": [{"cam_R_m2c": [0.567454, 0.823088, 0.0230198, -0.458253, 0.292457, 0.839331, 0.684111, -0.48683, 0.543138], "cam_t_m2c": [113.245, -2.20633, 890.3919999999999], "obj_id": 19}],
  "41": [{"cam_R_m2c": [0.567454, 0.823088, 0.0230198, -0.458253, 0.292457, 0.839331, 0.684111, -0.48683, 0.543138], "cam_t_m2c": [113.245, -2.20633, 890.3919999999999], "obj_id": 19}],
  "42": [{"cam_R_m2c": [0.567454, 0.823088, 0.0230198, -0.458253, 0.292457, 0.839331, 0.684111, -0.48683, 0.543138], "cam_t_m2c": [113.245, -2.20633, 890.3919999999999], "obj_id": 19}],
  "43": [{"cam_R_m2c": [0.567454, 0.823088, 0.0230198, -0.458253, 0.292457, 0.839331, 0.684111, -0.48683, 0.543138], "cam_t_m2c": [113.245, -2.20633, 890.3919999999999], "obj_id": 19}],
  "44": [{"cam_R_m2c": [0.567454, 0.823088, 0.0230198, -0.458253, 0.292457, 0.839331, 0.684111, -0.48683, 0.543138], "cam_t_m2c": [113.245, -2.20633, 890.3919999999999], "obj_id": 19}],
  "45": [{"cam_R_m2c": [0.506585639539, -0.862067104264, 0.014765896833, -0.394791, -0.247151, -0.884912, 0.76649946069, 0.442451140808, -0.465534905345], "cam_t_m2c": [278.703, -237.287, 1054.3], "obj_id": 19}],
  "46": [{"cam_R_m2c": [0.506585639539, -0.862067104264, 0.014765896833, -0.394791, -0.247151, -0.884912, 0.76649946069, 0.442451140808, -0.465534905345], "cam_t_m2c": [278.703, -237.287, 1054.3], "obj_id": 19}],
  "47": [{"cam_R_m2c": [0.506585639539, -0.862067104264, 0.014765896833, -0.394791, -0.247151, -0.884912, 0.76649946069, 0.442451140808, -0.465534905345], "cam_t_m2c": [278.703, -237.287, 1054.3], "obj_id": 19}],
  "48": [{"cam_R_m2c": [0.506585639539, -0.862067104264, 0.014765896833, -0.394791, -0.247151, -0.884912, 0.76649946069, 0.442451140808, -0.465534905345], "cam_t_m2c": [278.703, -237.287, 1054.3], "obj_id": 19}],
  "49": [{"cam_R_m2c": [0.506585639539, -0.862067104264, 0.014765896833, -0.394791, -0.247151, -0.884912, 0.76649946069, 0.442451140808, -0.465534905345], "cam_t_m2c": [278.703, -237.287, 1054.3], "obj_id": 19}],
  "50": [{"cam_R_m2c": [0.0911295, 0.900975, -0.424207, -0.644314, -0.27146, -0.714967, -0.759318, 0.338477, 0.555769], "cam_t_m2c": [246.379, -139.822, 1075.48], "obj_id": 19}],
  "51": [{"cam_R_m2c": [0.0911295, 0.900975, -0.424207, -0.644314, -0.27146, -0.714967, -0.759318, 0.338477, 0.555769], "cam_t_m2c": [246.379, -139.822, 1075.48], "obj_id": 19}],
  "52": [{"cam_R_m2c": [0.0911295, 0.900975, -0.424207, -0.644314, -0.27146, -0.714967, -0.759318, 0.338477, 0.555769], "cam_t_m2c": [246.379, -139.822, 1075.48], "obj_id": 19}],
  "53": [{"cam_R_m2c": [0.0911295, 0.900975, -0.424207, -0.644314, -0.27146, -0.714967, -0.759318, 0.338477, 0.555769], "cam_t_m2c": [246.379, -139.822, 1075.48], "obj_id": 19}],
  "54": [{"cam_R_m2c": [0.0911295, 0.900975, -0.424207, -0.644314, -0.27146, -0.714967, -0.759318, 0.338477, 0.555769], "cam_t_m2c": [246.379, -139.822, 1075.48], "obj_id": 19}],
  "55": [{"cam_R_m2c": [-0.434197130691, -0.899849175971, -0.0418231933195, 0.49323966642, -0.276336523197, 0.824838352098, -0.753786439297, 0.337512002095, 0.563824804422], "cam_t_m2c": [115.54100000000001, 102.927, 711.3230000000001], "obj_id": 19}],
  "56": [{"cam_R_m2c": [-0.434197130691, -0.899849175971, -0.0418231933195, 0.49323966642, -0.276336523197, 0.824838352098, -0.753786439297, 0.337512002095, 0.563824804422], "cam_t_m2c": [115.54100000000001, 102.927, 711.3230000000001], "obj_id": 19}],
  "57": [{"cam_R_m2c": [-0.434197130691, -0.899849175971, -0.0418231933195, 0.49323966642, -0.276336523197, 0.824838352098, -0.753786439297, 0.337512002095, 0.563824804422], "cam_t_m2c": [115.54100000000001, 102.927, 711.3230000000001], "obj_id": 19}],
  "58": [{"cam_R_m2c": [-0.434197130691, -0.899849175971, -0.0418231933195, 0.49323966642, -0.276336523197, 0.824838352098, -0.753786439297, 0.337512002095, 0.563824804422], "cam_t_m2c": [115.54100000000001, 102.927, 711.3230000000001], "obj_id": 19}],
  "59": [{"cam_R_m2c": [-0.434197130691, -0.899849175971, -0.0418231933195, 0.49323966642, -0.276336523197, 0.824838352098, -0.753786439297, 0.337512002095, 0.563824804422], "cam_t_m2c": [115.54100000000001, 102.927, 711.3230000000001], "obj_id": 19}],
  "60": [{"cam_R_m2c": [0.124192, -0.700088, 0.703175, 0.827531, -0.317949, -0.462712, 0.547514, 0.639363, 0.539858], "cam_t_m2c": [-172.548, -100.1489, 834.5559999999999], "obj_id": 19}],
  "61": [{"cam_R_m2c": [0.124192, -0.700088, 0.703175, 0.827531, -0.317949, -0.462712, 0.547514, 0.639363, 0.539858], "cam_t_m2c": [-172.548, -100.1489, 834.5559999999999], "obj_id": 19}],
  "62": [{"cam_R_m2c": [0.124192, -0.700088, 0.703175, 0.827531, -0.317949, -0.462712, 0.547514, 0.639363, 0.539858], "cam_t_m2c": [-172.548, -100.1489, 834.5559999999999], "obj_id": 19}],
  "63": [{"cam_R_m2c": [0.124192, -0.700088, 0.703175, 0.827531, -0.317949, -0.462712, 0.547514, 0.639363, 0.539858], "cam_t_m2c": [-172.548, -100.1489, 834.5559999999999], "obj_id": 19}],
  "64": [{"cam_R_m2c": [0.124192, -0.700088, 0.703175, 0.827531, -0.317949, -0.462712, 0.547514, 0.639363, 0.539858], "cam_t_m2c": [-172.548, -100.1489, 834.5559999999999], "obj_id": 19}],
  "65": [{"cam_R_m2c": [-0.669835, 0.742313, 0.0171406, 0.291298, 0.283948, -0.913523, -0.682987, -0.606917, -0.406431], "cam_t_m2c": [206.478, -117.09400000000001, 714.3389999999999], "obj_id": 19}],
  "66": [{"cam_R_m2c": [-0.669835, 0.742313, 0.0171406, 0.291298, 0.283948, -0.913523, -0.682987, -0.606917, -0.406431], "cam_t_m2c": [206.478, -117.09400000000001, 714.3389999999999], "obj_id": 19}],
  "67": [{"cam_R_m2c": [-0.669835, 0.742313, 0.0171406, 0.291298, 0.283948, -0.913523, -0.682987, -0.606917, -0.406431], "cam_t_m2c": [206.478, -117.09400000000001, 714.3389999999999], "obj_id": 19}],
  "68": [{"cam_R_m2c": [-0.669835, 0.742313, 0.0171406, 0.291298, 0.283948, -0.913523, -0.682987, -0.606917, -0.406431], "cam_t_m2c": [206.478, -117.09400000000001, 714.3389999999999], "obj_id": 19}],
  "69": [{"cam_R_m2c": [-0.669835, 0.742313, 0.0171406, 0.291298, 0.283948, -0.913523, -0.682987, -0.606917, -0.406431], "cam_t_m2c": [206.478, -117.09400000000001, 714.3389999999999], "obj_id": 19}],
  "70": [{"cam_R_m2c": [0.0785930123219, 0.991857740039, -0.10023687986, -0.561353713609, -0.0390611783433, -0.826656457232, -0.823841815994, 0.121237047875, 0.553712144513], "cam_t_m2c": [-276.612, -84.41890000000001, 838.7170000000001], "obj_id": 19}],
  "71": [{"cam_R_m2c": [0.0785930123219, 0.991857740039, -0.10023687986, -0.561353713609, -0.0390611783433, -0.826656457232, -0.823841815994, 0.121237047875, 0.553712144513], "cam_t_m2c": [-276.612, -84.41890000000001, 838.7170000000001], "obj_id": 19}],
  "72": [{"cam_R_m2c": [0.0785930123219, 0.991857740039, -0.10023687986, -0.561353713609, -0.0390611783433, -0.826656457232, -0.823841815994, 0.121237047875, 0.553712144513], "cam_t_m2c": [-276.612, -84.41890000000001, 838.7170000000001], "obj_id": 19}],
  "73": [{"cam_R_m2c": [0.0785930123219, 0.991857740039, -0.10023687986, -0.561353713609, -0.0390611783433, -0.826656457232, -0.823841815994, 0.121237047875, 0.553712144513], "cam_t_m2c": [-276.612, -84.41890000000001, 838.7170000000001], "obj_id": 19}],
  "74": [{"cam_R_m2c": [0.0785930123219, 0.991857740039, -0.10023687986, -0.561353713609, -0.0390611783433, -0.826656457232, -0.823841815994, 0.121237047875, 0.553712144513], "cam_t_m2c": [-276.612, -84.41890000000001, 838.7170000000001], "obj_id": 19}]
}
